<html>
<head>
<title>Default Template</title>
<meta charset="utf-8">
</head>
<body>
<!--
<FireBoxRoom>
 <Assets>
  <AssetObject id="tuscany" src="model/tuscany.dae.gz"/>
  <AssetImage id="sky_front" src="skybox/Eveningfront.jpg" tex_clamp="true"/>
  <AssetImage id="sky_right" src="skybox/Eveningright.jpg" tex_clamp="true"/>
  <AssetImage id="sky_up" src="skybox/Eveningtop.jpg" tex_clamp="true"/>
  <AssetImage id="sky_left" src="skybox/Eveningleft.jpg" tex_clamp="true"/>
  <AssetImage id="sky_down" src="skybox/Eveningbottom.jpg" tex_clamp="true"/>
  <AssetImage id="sky_back" src="skybox/Eveningback.jpg" tex_clamp="true"/>
  <AssetImage id="fireplace" src="fireplace.gif"/>
  <AssetImage id="flame" src="flame.png"/>
 </Assets>
 <Room pbr="true" ambient="0.4 0.4 0.4" pos="-50 7.7 58" skybox_back_id="sky_back" skybox_down_id="sky_down" skybox_front_id="sky_front" skybox_left_id="sky_left" skybox_right_id="sky_right" skybox_up_id="sky_up" use_local_asset="room_plane" visible="false" walk_speed="1.2" xdir="-1 0 0" zdir="0 0 -1">
  <Object id="tuscany" scale="10 10 10"/>
  <Object collision_id="plane" cull_face="none" id="plane" image_id="fireplace" js_id="144-1504410440" lighting="false" pos="-50.689999 8.53 45.5" xdir="0.031971 -0 -0.999489" ydir="0.071158 0.997463 0.002276" zdir="0.996953 -0.071194 0.03189"/>
  <Image id="flame" js_id="19-1504405346" lighting="false" pos="-46.129997 9.8 51.449997" scale="0.07 0.07 0.7" xdir="-1 0 -0.000001" zdir="0.000001 0 -1"/>
  <Image id="flame" js_id="20-1504405424" lighting="false" pos="-41.936459 9.799577 51.314999" scale="0.07 0.07 0.7" xdir="1 -0.000002 0.000002" ydir="0.000002 1 0" zdir="-0.000002 0 1"/>
  <Image id="flame" js_id="45-1504405839" lighting="false" pos="-42.219997 9.8 51.43" scale="0.07 0.07 0.7" xdir="-1 0 0" ydir="0 1 0.000002" zdir="0 0.000002 -1"/>
  <Image id="flame" js_id="49-1504405925" lighting="false" pos="-45.849998 9.8 51.32" scale="0.07 0.07 0.7" xdir="1 0 -0.000001" ydir="0 1 0.000001" zdir="0.000001 -0.000001 1"/>
  <Image id="flame" js_id="62-1504406225" lighting="false" pos="-50.599998 9.82 40.52" scale="0.07 0.07 0.7" xdir="0.000005 0.000002 1" ydir="0.000005 1 -0.000002" zdir="-1 0.000005 0.000005"/>
  <Image id="flame" js_id="63-1504406276" lighting="false" pos="-50.619999 9.809999 50.879997" scale="0.07 0.07 0.7" xdir="0 -0.000007 1" ydir="-0.000003 1 0.000007" zdir="-1 -0.000003 0"/>
  <Image id="flame" js_id="70-1504406334" lighting="false" pos="-50.75 9.82 50.580002" scale="0.07 0.07 0.7" xdir="-0.000001 -0.000008 -1" ydir="0.000006 1 -0.000008" zdir="1 -0.000006 -0.000001"/>
  <Image id="flame" js_id="71-1504406414" lighting="false" pos="-50.740002 9.8 40.809998" scale="0.07 0.07 0.7" xdir="-0 -0.000005 -1" ydir="0.000001 1 -0.000005" zdir="1 -0.000001 0"/>
  <Light col="#855600" js_id="5-1503896851" light_cone_angle="0" light_cone_exponent="1" light_intensity="10" light_range="5.5" pos="-50.5 10 40.700001" xdir="-0.814958 -0.000001 0.579521" ydir="-0.564477 -0.226369 -0.793803" zdir="0.131186 -0.974042 0.184481"/>
  <Light col="#855600" js_id="1504404409" light_cone_angle="0" light_cone_exponent="1" light_intensity="10" light_range="5.5" pos="-50.200001 10 50.600002" xdir="0.03199 0 -0.999488" ydir="0.99945 0.00873 0.031989" zdir="0.008726 -0.999962 0.000279"/>
  <Light col="#855600" js_id="6-1504404444" light_cone_angle="0" light_cone_exponent="1" light_intensity="10" light_range="5.5" pos="-46 10.3 51.200001" xdir="-0.539753 0 -0.841824" ydir="0.84178 0.010184 -0.539725" zdir="0.008573 -0.999948 -0.005497"/>
  <Light col="#855600" js_id="12-1504404496" light_cone_angle="0" light_cone_exponent="1" light_intensity="10" light_range="5.5" pos="-42.100002 10.400001 51.099998" xdir="-0.999999 0 0.001457" ydir="-0.001456 0.034906 -0.99939" zdir="-0.000051 -0.999391 -0.034906"/>
  <Light col="#ffa500" js_id="149-1504410499" light_cone_angle="0" light_cone_exponent="1" light_intensity="12" light_range="8.5" pos="-50.299999 8.400001 45.5" xdir="0.281201 0 -0.959649" ydir="0.955232 -0.095835 0.279907" zdir="-0.091968 -0.995397 -0.026949"/>
 </Room>
</FireBoxRoom>
-->
<script src="https://web.janusxr.org/1.5.17/janusweb.js"></script>
<script>elation.janusweb.init({url: document.location.href})</script>
</body>
</html>
